CEE016,2694.14,90264351.7976458,33504
CB02411,161.54,5412060.883549421,33503
CEK049,94.34,3160860.0423787003,33504
CB1699,1163.90,38995316.638922006,33504
CJE181,14.12,473117.7947661291,33504
CVT387,195.34,6544655.194115472,33504
CEK31,144.81,4851586.291160714,33504
CB2105,122.24,4095664.694794759,33504
CJM90,311.45,10434668.776265733,33504
CAT17,77.97,2612154.1555277547,33503
CB1599,33.27,1114836.3572419574,33504
CB1143,213.29,7146080.329276703,33504
CLW239,33.71,1129374.9933951164,33504
CB1101,nan,nan,33504
CEK18,145.07,4860330.058214226,33504
CB1142,545.23,18267516.268293243,33504
COM205,55.16,1847952.8718604818,33504
CEV011,36.30,1216129.344211989,33504
