CEE016,151.25,5067543.018444137,33504
CB02411,105.72,3542078.4488216364,33503
CEK049,65.93,2208863.835657118,33504
CB1699,17.92,600262.4467655265,33504
CJE181,6.81,228022.65851056346,33504
CVT387,18.09,605960.3846110936,33504
CEK31,71.98,2411779.443075893,33504
CB2105,60.97,2042642.49500895,33504
CJM90,187.36,6277288.417272854,33504
CAT17,54.81,1836354.1447826067,33503
CB1599,19.69,659794.4867425432,33504
CB1143,90.88,3044752.145272144,33504
CLW239,16.78,562107.8881579268,33504
CB1101,41.68,1396599.4739269058,33504
CEK18,61.30,2053685.4031366974,33504
CB1142,165.40,5541638.492442739,33504
COM205,36.72,1230422.4809863872,33504
CEV011,19.09,639615.5426308877,33504
