CEE016,15143.82,507378459.45474356,33504
CB02411,196.18,6572532.011522077,33503
CEK049,112.87,3781499.188646511,33504
CB1699,32864.98,1101108385.950027,33504
CJE181,17.70,593169.8744140714,33504
CVT387,244.68,8197649.69082686,33504
CEK31,205.47,6883915.090100257,33504
CB2105,134.28,4498797.391801226,33504
CJM90,430.42,14420712.444360467,33504
CAT17,96.10,3219490.03086403,33503
CB1599,52930.30,1773376673.8670466,33504
CB1143,244.87,8204143.651178178,33504
CLW239,41.71,1397583.432321055,33504
CB1101,nan,nan,33504
CEK18,226.24,7579844.725777128,33504
CB1142,945.03,31662416.271986615,33504
COM205,70.53,2362913.5577762974,33504
CEV011,54.15,1814147.6387479852,33504
