CEE016,127.05,4256747.0,33504
CB02411,114.21,3826405.0,33504
CEK049,72.42,2426343.0,33504
CB1699,21.95,735446.0,33504
CJE181,9.47,317327.0,33504
CVT387,21.51,720548.0,33504
CEK31,80.96,2712626.0,33504
CB2105,73.72,2469973.0,33504
CJM90,198.93,6664989.0,33504
CAT17,60.18,2016282.0,33504
CB1599,22.46,752424.0,33504
CB1143,97.18,3255995.0,33504
CLW239,20.20,676732.0,33504
CB1101,44.62,1494864.0,33504
CEK18,71.01,2379136.0,33504
CB1142,194.58,6519128.0,33504
COM205,44.24,1482145.0,33504
CEV011,21.06,705553.0,33504
