CEE016,119.66,4008927.0000007297,33504
CB02411,164.95,5526474.222221656,33503
CEK049,90.78,3041384.333333687,33504
CB1699,19.65,658460.2222222576,33504
CJE181,7.32,245256.11111114165,33504
CVT387,20.29,679808.8888889578,33504
CEK31,143.74,4815795.555555558,33504
CB2105,66.40,2224632.6666665543,33504
CJM90,319.82,10715288.888889356,33504
CAT17,72.57,2431366.1111110914,33503
CB1599,23.95,802420.666666773,33504
CB1143,144.19,4831074.666666709,33504
CLW239,19.05,638251.1111111959,33504
CB1101,79.49,2663396.888888889,33504
CEK18,141.25,4732479.444444479,33504
CB1142,411.02,13770956.000001706,33504
COM205,40.74,1364932.2222220704,33504
CEV011,26.20,877663.2222223588,33504
