CEE016,128.93,4319636.545841798,33504
CB02411,110.12,3689429.1694127717,33503
CEK049,69.33,2322711.061237469,33504
CB1699,20.22,677385.8464652046,33504
CJE181,7.87,263566.8235178469,33504
CVT387,19.27,645502.2598413472,33504
CEK31,78.16,2618796.8095063623,33504
CB2105,69.03,2312853.465175147,33504
CJM90,193.31,6476705.09445876,33504
CAT17,57.40,1923097.9134942696,33503
CB1599,20.81,697198.6054196995,33504
CB1143,94.45,3164301.722595823,33504
CLW239,18.47,618768.4136357394,33504
CB1101,43.86,1469469.1297894756,33504
CEK18,68.38,2290867.3407494067,33504
CB1142,188.40,6312183.832655102,33504
COM205,41.51,1390786.662365843,33504
CEV011,19.59,656408.6373074036,33504
