CEE016,140.22,4697995.776024051,33504
CB02411,109.31,3662201.3537891265,33504
CEK049,66.95,2243012.817695099,33504
CB1699,18.18,608985.4975768329,33504
CJE181,6.96,233122.90445382966,33504
CVT387,18.14,607706.2268224363,33504
CEK31,77.73,2604378.0703076017,33504
CB2105,61.57,2062963.933196106,33504
CJM90,193.42,6480249.122202868,33504
CAT17,55.19,1848941.6391742597,33503
CB1599,19.68,659409.6110588136,33504
CB1143,93.98,3148797.1287719845,33504
CLW239,16.83,563820.6899534129,33504
CB1101,43.76,1466028.797959794,33504
CEK18,65.22,2185154.64162407,33504
CB1142,173.48,5812305.285114445,33504
COM205,36.94,1237774.8354534234,33504
CEV011,19.22,643947.1741236125,33504
