CEE016,93.46,125604.4551627997,1344
CB02411,194.62,261370.33110453875,1343
CEK049,97.94,131633.21891488365,1344
CB1699,29.49,39628.534027066504,1344
CJE181,11.70,15723.183630259507,1344
CVT387,22.09,29689.248959477944,1344
CEK31,107.53,144517.13187254226,1344
CB2105,76.01,102158.03247366704,1344
CJM90,330.62,444358.7400925545,1344
CAT17,97.79,131337.43479977155,1343
CB1599,59.53,80009.2060970755,1344
CB1143,140.81,189248.71633542023,1344
CLW239,27.60,37095.05705550353,1344
CB1101,0.00,0.0,1344
CEK18,102.53,137805.8457250395,1344
CB1142,669.90,900340.5175968963,1344
COM205,47.19,63429.57458688915,1344
CEV011,30.02,40346.5100704737,1344
