CEE016,122.43,4101751.375,33504
CB02411,209.27,7011130.1875,33503
CEK049,110.14,3689989.625,33504
CB1699,21.07,706024.375,33504
CJE181,7.40,248066.0,33504
CVT387,21.83,731375.0,33504
CEK31,187.19,6271704.25,33504
CB2105,71.41,2392558.625,33504
CJM90,405.09,13572003.0,33504
CAT17,86.92,2912041.875,33503
CB1599,26.95,902851.5625,33504
CB1143,183.34,6142484.25,33504
CLW239,20.79,696388.75,33504
CB1101,102.11,3421224.6875,33504
CEK18,184.01,6165216.6875,33504
CB1142,533.86,17886602.75,33504
COM205,45.00,1507835.125,33504
CEV011,30.73,1029543.5,33504
