CEE016,189.08,5663392.754441961,29952
CB02411,100.58,3012458.59438876,29951
CEK049,62.90,1884092.0757532017,29952
CB1699,18.23,545917.6875153359,29952
CJE181,6.62,198178.98572110536,29952
CVT387,18.95,567724.4450433106,29952
CEK31,70.63,2115499.3932515276,29952
CB2105,61.97,1856133.636987015,29952
CJM90,184.85,5536614.779044534,29952
CAT17,50.81,1521878.5006516895,29951
CB1599,18.63,558092.4007553398,29952
CB1143,88.05,2637360.90960298,29952
CLW239,15.85,474699.8749043816,29952
CB1101,45.97,1376903.8164322006,29952
CEK18,65.35,1957342.9941157775,29952
CB1142,172.13,5155556.914249889,29952
COM205,35.22,1054971.222381167,29952
CEV011,18.61,557320.9573631798,29952
