CEE016,426.06,14274802.760450486,33504
CB02411,133.20,4462840.647280707,33504
CEK049,81.87,2742935.6693600668,33504
CB1699,24.28,813625.1029825504,33504
CJE181,8.43,282422.2323672411,33504
CVT387,184.31,6175210.092835654,33504
CEK31,101.46,3399235.9948958317,33504
CB2105,102.01,3417737.79537331,33504
CJM90,229.57,7691515.586124089,33504
CAT17,65.86,2206418.1795619796,33504
CB1599,25.15,842638.9901642263,33504
CB1143,168.49,5645071.892487183,33504
CLW239,23.22,778085.1271164983,33504
CB1101,nan,nan,33504
CEK18,91.02,3049506.0286105387,33504
CB1142,243.54,8159696.516551846,33504
COM205,47.74,1599641.0233660808,33504
CEV011,24.95,835796.4885832178,33504
