CEE016,32.72,191592.6298273072,5856
CB02411,85.52,500740.7800144493,5855
CEK049,58.10,340246.8150894562,5856
CB1699,17.09,100073.38582787383,5856
CJE181,5.96,34926.809522047544,5856
CVT387,13.47,78880.83175428981,5856
CEK31,62.32,364969.3443751506,5856
CB2105,42.12,246638.9949702861,5856
CJM90,172.91,1012541.6334416779,5856
CAT17,36.73,215071.99471950496,5855
CB1599,16.81,98458.16993958544,5856
CB1143,79.14,463460.33302935294,5856
CLW239,8.46,49521.90405639911,5856
CB1101,168.86,988848.9980434618,5856
CEK18,56.86,332961.71739640104,5856
CB1142,159.81,935876.5488330356,5856
COM205,23.37,136827.7222152336,5856
CEV011,20.39,119385.86987550058,5856
