CEE016,151.56,5077741.06851287,33504
CB02411,102.52,3434622.0300236205,33503
CEK049,65.21,2184729.916275973,33504
CB1699,17.92,600502.3297823126,33504
CJE181,6.77,226914.69533439542,33504
CVT387,18.10,606339.04835504,33504
CEK31,70.98,2377974.6308856388,33504
CB2105,60.99,2043441.5893283484,33504
CJM90,185.60,6218415.181852944,33504
CAT17,54.22,1816403.8429759839,33503
CB1599,19.69,659821.8657076966,33504
CB1143,88.72,2972334.930921425,33504
CLW239,16.79,562434.9317685026,33504
CB1101,41.76,1399072.958067603,33504
CEK18,61.01,2043941.6085428402,33504
CB1142,165.51,5545354.455794369,33504
COM205,36.71,1229773.9612780493,33504
CEV011,19.02,637398.5814400673,33504
